 -0.12000000000000000          184435.65625000000     
 -0.11889999999999999          234526.37500000000     
 -0.11780000000000000          297453.03125000000     
 -0.11670000000000000          376290.46875000000     
 -0.11559999999999999          474793.09375000000     
 -0.11449999999999999          597530.56250000000     
 -0.11340000000000000          750046.87500000000     
 -0.11230000000000000          939047.12500000000     
 -0.11119999999999999          1172613.7500000000     
 -0.11009999999999999          1460458.0000000000     
 -0.10900000000000000          1814209.6250000000     
 -0.10790000000000000          2247749.7500000000     
 -0.10679999999999999          2777590.5000000000     
 -0.10569999999999999          3423306.2500000000     
 -0.10460000000000000          4208023.0000000000     
 -0.10349999999999999          5158966.0000000000     
 -0.10239999999999999          6308073.0000000000     
 -0.10130000000000000          7692676.5000000000     
 -0.10020000000000000          9356253.0000000000     
  -9.9099999999999994E-002     11349252.000000000     
  -9.7999999999999990E-002     13729986.000000000     
  -9.6899999999999986E-002     16565603.000000000     
  -9.5799999999999996E-002     19933120.000000000     
  -9.4699999999999993E-002     23920522.000000000     
  -9.3599999999999989E-002     28627910.000000000     
  -9.2499999999999999E-002     34168692.000000000     
  -9.1399999999999995E-002     40670808.000000000     
  -9.0299999999999991E-002     48277940.000000000     
  -8.9200000000000002E-002     57150716.000000000     
  -8.8099999999999984E-002     67467880.000000000     
  -8.6999999999999994E-002     79427352.000000000     
  -8.5899999999999990E-002     93247152.000000000     
  -8.4799999999999986E-002     109166232.00000000     
  -8.3699999999999997E-002     127444960.00000000     
  -8.2599999999999993E-002     148365456.00000000     
  -8.1499999999999989E-002     172231472.00000000     
  -8.0399999999999999E-002     199367936.00000000     
  -7.9299999999999995E-002     230120016.00000000     
  -7.8199999999999992E-002     264851552.00000000     
  -7.7100000000000002E-002     303942944.00000000     
  -7.5999999999999984E-002     347788352.00000000     
  -7.4899999999999994E-002     396791936.00000000     
  -7.3799999999999991E-002     451363584.00000000     
  -7.2699999999999987E-002     511913312.00000000     
  -7.1599999999999997E-002     578845184.00000000     
  -7.0499999999999993E-002     652549888.00000000     
  -6.9399999999999989E-002     733396352.00000000     
  -6.8300000000000000E-002     821722560.00000000     
  -6.7199999999999996E-002     917825280.00000000     
  -6.6099999999999992E-002     1021948544.0000000     
  -6.5000000000000002E-002     1134271872.0000000     
  -6.3899999999999985E-002     1254897664.0000000     
  -6.2799999999999995E-002     1383836928.0000000     
  -6.1699999999999991E-002     1520996480.0000000     
  -6.0599999999999994E-002     1666164352.0000000     
  -5.9499999999999990E-002     1818996224.0000000     
  -5.8399999999999994E-002     1979001472.0000000     
  -5.7299999999999990E-002     2145531008.0000000     
  -5.6199999999999986E-002     2317764352.0000000     
  -5.5099999999999996E-002     2494701056.0000000     
  -5.3999999999999992E-002     2675150336.0000000     
  -5.2899999999999989E-002     2857726208.0000000     
  -5.1799999999999985E-002     3040843264.0000000     
  -5.0699999999999995E-002     3222716672.0000000     
  -4.9599999999999991E-002     3401364480.0000000     
  -4.8499999999999988E-002     3574615296.0000000     
  -4.7399999999999998E-002     3740118784.0000000     
  -4.6299999999999994E-002     3895361024.0000000     
  -4.5199999999999990E-002     4037684992.0000000     
  -4.4099999999999986E-002     4164314112.0000000     
  -4.2999999999999997E-002     4272382976.0000000     
  -4.1899999999999993E-002     4358970368.0000000     
  -4.0799999999999989E-002     4421136896.0000000     
  -3.9699999999999985E-002     4455970304.0000000     
  -3.8599999999999995E-002     4460626944.0000000     
  -3.7499999999999992E-002     4432385024.0000000     
  -3.6399999999999988E-002     4368692224.0000000     
  -3.5299999999999984E-002     4267221504.0000000     
  -3.4199999999999994E-002     4125922560.0000000     
  -3.3099999999999991E-002     3943075840.0000000     
  -3.1999999999999987E-002     3717342464.0000000     
  -3.0899999999999997E-002     3447814912.0000000     
  -2.9799999999999993E-002     3134060288.0000000     
  -2.8699999999999989E-002     2776161536.0000000     
  -2.7599999999999986E-002     2374750208.0000000     
  -2.6499999999999996E-002     1931034368.0000000     
  -2.5399999999999992E-002     1446815616.0000000     
  -2.4299999999999988E-002     924499520.00000000     
  -2.3199999999999985E-002     367094912.00000000     
  -2.2099999999999995E-002    -221797072.00000000     
  -2.0999999999999991E-002    -838004352.00000000     
  -1.9899999999999987E-002    -1476816384.0000000     
  -1.8799999999999983E-002    -2133027072.0000000     
  -1.7699999999999994E-002    -2800988928.0000000     
  -1.6599999999999990E-002    -3474676224.0000000     
  -1.5499999999999986E-002    -4147757824.0000000     
  -1.4399999999999996E-002    -4813677056.0000000     
  -1.3299999999999992E-002    -5465740800.0000000     
  -1.2199999999999989E-002    -6097210880.0000000     
  -1.1099999999999985E-002    -6701400064.0000000     
  -9.9999999999999950E-003    -7271772672.0000000     
  -8.8999999999999913E-003    -7802040832.0000000     
  -7.7999999999999875E-003    -8286262272.0000000     
  -6.6999999999999837E-003    -8718932992.0000000     
  -5.5999999999999939E-003    -9095074816.0000000     
  -4.4999999999999901E-003    -9410315264.0000000     
  -3.3999999999999864E-003    -9660958720.0000000     
  -2.2999999999999826E-003    -9844048896.0000000     
  -1.1999999999999927E-003    -9957413888.0000000     
  -9.9999999999988987E-005    -9999704064.0000000     
   1.0000000000000148E-003    -9970415616.0000000     
   2.1000000000000185E-003    -9869897728.0000000     
   3.2000000000000084E-003    -9699347456.0000000     
   4.3000000000000121E-003    -9460788224.0000000     
   5.4000000000000159E-003    -9157038080.0000000     
   6.5000000000000058E-003    -8791663616.0000000     
   7.6000000000000234E-003    -8368916992.0000000     
   8.7000000000000133E-003    -7893673472.0000000     
   9.8000000000000032E-003    -7371347456.0000000     
   1.0900000000000021E-002    -6807807488.0000000     
   1.2000000000000011E-002    -6209286656.0000000     
   1.3100000000000001E-002    -5582282240.0000000     
   1.4200000000000018E-002    -4933462016.0000000     
   1.5300000000000008E-002    -4269561600.0000000     
   1.6400000000000026E-002    -3597289472.0000000     
   1.7500000000000016E-002    -2923233536.0000000     
   1.8600000000000005E-002    -2253772544.0000000     
   1.9700000000000023E-002    -1594993152.0000000     
   2.0800000000000013E-002    -952616896.00000000     
   2.1900000000000003E-002    -331934112.00000000     
   2.3000000000000020E-002     262250880.00000000     
   2.4100000000000010E-002     825665408.00000000     
   2.5200000000000000E-002     1354602624.0000000     
   2.6300000000000018E-002     1845944832.0000000     
   2.7400000000000008E-002     2297176576.0000000     
   2.8500000000000025E-002     2706386432.0000000     
   2.9600000000000015E-002     3072260096.0000000     
   3.0700000000000005E-002     3394062848.0000000     
   3.1800000000000023E-002     3671614208.0000000     
   3.2900000000000013E-002     3905255936.0000000     
   3.4000000000000002E-002     4095812608.0000000     
   3.5100000000000020E-002     4244548352.0000000     
   3.6200000000000010E-002     4353116672.0000000     
   3.7300000000000028E-002     4423512576.0000000     
   3.8400000000000017E-002     4458016256.0000000     
   3.9500000000000007E-002     4459143168.0000000     
   4.0600000000000025E-002     4429587968.0000000     
   4.1700000000000015E-002     4372175360.0000000     
   4.2800000000000005E-002     4289809920.0000000     
   4.3900000000000022E-002     4185428480.0000000     
   4.5000000000000012E-002     4061958656.0000000     
   4.6100000000000002E-002     3922278912.0000000     
   4.7200000000000020E-002     3769184000.0000000     
   4.8300000000000010E-002     3605354752.0000000     
   4.9400000000000027E-002     3433332736.0000000     
   5.0500000000000017E-002     3255499264.0000000     
   5.1600000000000007E-002     3074059264.0000000     
   5.2700000000000025E-002     2891029760.0000000     
   5.3800000000000014E-002     2708231680.0000000     
   5.4900000000000004E-002     2527286784.0000000     
   5.6000000000000022E-002     2349617152.0000000     
   5.7100000000000012E-002     2176448768.0000000     
   5.8200000000000002E-002     2008816000.0000000     
   5.9300000000000019E-002     1847571328.0000000     
   6.0400000000000009E-002     1693394304.0000000     
   6.1500000000000027E-002     1546803200.0000000     
   6.2600000000000017E-002     1408168064.0000000     
   6.3700000000000007E-002     1277724032.0000000     
   6.4800000000000024E-002     1155584768.0000000     
   6.5900000000000014E-002     1041756928.0000000     
   6.7000000000000004E-002     936153984.00000000     
   6.8100000000000022E-002     838609472.00000000     
   6.9200000000000012E-002     748890048.00000000     
   7.0300000000000029E-002     666707648.00000000     
   7.1400000000000019E-002     591731136.00000000     
   7.2500000000000009E-002     523596384.00000000     
   7.3600000000000027E-002     461916000.00000000     
   7.4700000000000016E-002     406287872.00000000     
   7.5800000000000006E-002     356302464.00000000     
   7.6900000000000024E-002     311549504.00000000     
   7.8000000000000014E-002     271623392.00000000     
   7.9100000000000004E-002     236127904.00000000     
   8.0200000000000021E-002     204679872.00000000     
   8.1300000000000011E-002     176912256.00000000     
   8.2400000000000029E-002     152476400.00000000     
   8.3500000000000019E-002     131043576.00000000     
   8.4600000000000009E-002     112306152.00000000     
   8.5700000000000026E-002     95978048.000000000     
   8.6800000000000016E-002     81794952.000000000     
   8.7900000000000006E-002     69514056.000000000     
   8.9000000000000024E-002     58913592.000000000     
   9.0100000000000013E-002     49792040.000000000     
   9.1200000000000003E-002     41967260.000000000     
   9.2300000000000021E-002     35275400.000000000     
   9.3400000000000011E-002     29569790.000000000     
   9.4500000000000028E-002     24719720.000000000     
   9.5600000000000018E-002     20609230.000000000     
   9.6700000000000008E-002     17135890.000000000     
   9.7800000000000026E-002     14209599.000000000     
   9.8900000000000016E-002     11751429.000000000     
  0.10000000000000001          9692516.0000000000     
  0.10110000000000002          7973014.5000000000     
  0.10220000000000001          6541115.5000000000     
  0.10330000000000003          5352137.0000000000     
  0.10440000000000002          4367688.5000000000     
  0.10550000000000001          3554903.5000000000     
  0.10660000000000003          2885747.2500000000     
  0.10770000000000002          2336391.5000000000     
  0.10880000000000001          1886654.1250000000     
  0.10990000000000003          1519499.6250000000     
  0.11100000000000002          1220598.5000000000     
  0.11210000000000001          977937.62500000000     
  0.11320000000000002          781479.81250000000     
  0.11430000000000001          622866.00000000000     
  0.11540000000000003          495157.93750000000     
  0.11650000000000002          392615.15625000000     
  0.11760000000000001          310503.43750000000     
  0.11870000000000003          244930.89062500000     
  0.11980000000000002          192708.23437500000     
  0.12090000000000001          151230.09375000000     
  0.12200000000000003          118374.75000000000     
  0.12310000000000001          92419.664062500000     
  0.12420000000000003          71970.687500000000     
  0.12530000000000002          55902.910156250000     
  0.12640000000000001          43311.386718750000     
  0.12750000000000003          33470.339843750000     
  0.12860000000000002          25799.410156250000     
  0.12970000000000001          19835.925781250000     
  0.13080000000000003          15212.110351562500     
  0.13190000000000002          11636.490234375000     
  0.13300000000000001          8878.7392578125000     
  0.13410000000000000          6757.3828125000000     
  0.13520000000000004          5129.8515625000000     
  0.13630000000000003          3884.4660644531250     
  0.13740000000000002          2933.9931640625000     
  0.13850000000000001          2210.4936523437500     
  0.13960000000000000          1661.2032470703125     
  0.14070000000000005          1245.2618408203125     
  0.14180000000000004          931.11639404296875     
  0.14290000000000003          694.47009277343750     
  0.14400000000000002          516.66662597656250     
  0.14510000000000001          383.42056274414062     
  0.14620000000000000          283.82418823242188     
  0.14730000000000004          209.57203674316406     
  0.14840000000000003          154.35760498046875     
  0.14950000000000002          113.40553283691406     
  0.15060000000000001          83.109916687011719     
  0.15170000000000000          60.755359649658203     
  0.15280000000000005          44.302707672119141     
  0.15390000000000004          32.224826812744141     
  0.15500000000000003          23.381172180175781     
  0.15610000000000002          16.922248840332031     
  0.15720000000000001          12.217058181762695     
  0.15830000000000000          8.7981777191162109     
  0.15940000000000004          6.3202886581420898     
  0.16050000000000003          4.5289745330810547     
  0.16160000000000002          3.2372951507568359     
  0.16270000000000001          2.3082602024078369     
  0.16380000000000000          1.6417531967163086     
  0.16490000000000005          1.1648023128509521     
  0.16600000000000004         0.82436287403106689     
  0.16710000000000003         0.58197855949401855     
  0.16820000000000002         0.40984398126602173     
  0.16930000000000001         0.28790789842605591     
  0.17040000000000000         0.20174960792064667     
  0.17150000000000004         0.14102508127689362     
  0.17260000000000003          9.8334312438964844E-002
  0.17370000000000002          6.8397365510463715E-002
  0.17480000000000001          4.7456946223974228E-002
  0.17590000000000000          3.2846320420503616E-002
  0.17700000000000005          2.2677788510918617E-002
  0.17810000000000004          1.5618601813912392E-002
  0.17920000000000003          1.0730292648077011E-002
  0.18030000000000002          7.3537584394216537E-003
  0.18140000000000001          5.0273137167096138E-003
  0.18250000000000000          3.4284030552953482E-003
  0.18360000000000004          2.3322624620050192E-003
  0.18470000000000003          1.5826799208298326E-003
  0.18580000000000002          1.0713693918660283E-003
  0.18690000000000001          7.2346295928582549E-004
  0.18800000000000000          4.8733165021985769E-004
  0.18910000000000005          3.2746480428613722E-004
  0.19020000000000004          2.1950107475277036E-004
  0.19130000000000003          1.4677128638140857E-004
  0.19240000000000002          9.7899013780988753E-005
  0.19350000000000001          6.5140135120600462E-005
  0.19460000000000005          4.3236694182269275E-005
  0.19570000000000004          2.8627940992009826E-005
  0.19680000000000003          1.8908709535025991E-005
  0.19790000000000002          1.2458569472073577E-005
  0.19900000000000001          8.1885928011615761E-006
  0.20010000000000000          5.3689022934122477E-006
  0.20120000000000005          3.5115363061777316E-006
  0.20230000000000004          2.2911028736416483E-006
  0.20340000000000003          1.4911730659150635E-006
  0.20450000000000002          9.6816165751079097E-007
  0.20560000000000000          6.2705316850042436E-007
  0.20670000000000005          4.0513316434953595E-007
  0.20780000000000004          2.6111294459951750E-007
  0.20890000000000003          1.6787906531590124E-007
  0.21000000000000002          1.0767192293315020E-007
  0.21110000000000001          6.8888446946857584E-008
  0.21220000000000000          4.3967187224325244E-008
  0.21330000000000005          2.7993003470783151E-008
  0.21440000000000003          1.7779074212853629E-008
  0.21550000000000002          1.1264394750298834E-008
  0.21660000000000001          7.1194414807962403E-009
  0.21770000000000000          4.4887307204533045E-009
  0.21880000000000005          2.8231956772373223E-009
  0.21990000000000004          1.7713259747864640E-009
  0.22100000000000003          1.1086546125582686E-009
  0.22210000000000002          6.9220468246200539E-010
  0.22320000000000001          4.3113526637661437E-010
  0.22430000000000000          2.6787583262688486E-010
  0.22540000000000004          1.6603310393215054E-010
  0.22650000000000003          1.0265904792916558E-010
  0.22760000000000002          6.3320071408412559E-011
  0.22870000000000001          3.8960754761285799E-011
  0.22980000000000000          2.3914172725403304E-011
  0.23090000000000005          1.4642849432977556E-011
  0.23200000000000004          8.9441327608130727E-012
  0.23310000000000003          5.4499629635607061E-012
  0.23420000000000002          3.3127725822951204E-012
  0.23530000000000001          2.0087818127650925E-012
  0.23640000000000000          1.2151140553820494E-012
  0.23750000000000004          7.3323763510532713E-013
  0.23860000000000003          4.4138342069829917E-013
  0.23970000000000002          2.6505197776166556E-013
  0.24080000000000001          1.5877787095091439E-013
  0.24190000000000000          9.4884014111441123E-014
  0.24300000000000005          5.6564033513485656E-014
  0.24410000000000004          3.3638155059806038E-014
  0.24520000000000003          1.9955772670725465E-014
  0.24630000000000002          1.1809994883351261E-014
  0.24740000000000001          6.9722962246657281E-015
  0.24850000000000005          4.1062658034571840E-015
  0.24960000000000004          2.4124792180629405E-015
  0.25070000000000003          1.4139221350610944E-015
  0.25180000000000002          8.2667154575172784E-016
  0.25290000000000001          4.8215449992275645E-016
  0.25400000000000000          2.8053389752905565E-016
  0.25510000000000005          1.6282853158248317E-016
  0.25620000000000004          9.4280491119242495E-017
  0.25730000000000003          5.4457723486281745E-017
  0.25840000000000002          3.1379324839048169E-017
  0.25950000000000001          1.8037416064908841E-017
  0.26060000000000005          1.0343125936367162E-017
  0.26170000000000004          5.9166541767468461E-018
  0.26280000000000003          3.3763506691429149E-018
  0.26390000000000002          1.9220563100726101E-018
  0.26500000000000001          1.0915205495574908E-018
  0.26610000000000000          6.1836538096133969E-019
  0.26720000000000005          3.4946682575170271E-019
  0.26830000000000004          1.9702185910457804E-019
  0.26940000000000003          1.1080788701138183E-019
  0.27050000000000002          6.2169143543032420E-020
  0.27160000000000001          3.4795824218486206E-020
  0.27270000000000005          1.9427973275574488E-020
  0.27380000000000004          1.0821219586477756E-020
  0.27490000000000003          6.0127520427377333E-021
  0.27600000000000002          3.3328740642250634E-021
  0.27710000000000001          1.8429483073485588E-021
  0.27820000000000000          1.0166141614794950E-021
  0.27930000000000005          5.5943294143695507E-022
  0.28040000000000004          3.0710640292357318E-022
  0.28150000000000003          1.6818171187046020E-022
  0.28260000000000002          9.1879349072236807E-023
  0.28370000000000001          5.0073311990363747E-023
  0.28480000000000005          2.7223510953086595E-023
  0.28590000000000004          1.4764931280457098E-023
  0.28700000000000003          7.9885577289016202E-024
  0.28810000000000002          4.3117646132269638E-024
  0.28920000000000001          2.3216219828004165E-024
  0.29030000000000000          1.2470327980875728E-024
  0.29140000000000005          6.6821202533844450E-025
  0.29250000000000004          3.5719121354770665E-025
  0.29360000000000003          1.9047477964868873E-025
  0.29470000000000002          1.0132684134482659E-025
  0.29580000000000001          5.3772709767366092E-026
  0.29690000000000005          2.8467531042073322E-026
  0.29800000000000004          1.5034476288019499E-026
  0.29910000000000003          7.9209531196961573E-027
  0.30020000000000002          4.1631051900410152E-027
  0.30130000000000001          2.1827708062127510E-027
  0.30240000000000000          1.1416943525206644E-027
  0.30350000000000005          5.9572056149209337E-028
  0.30460000000000004          3.1008904515030635E-028
  0.30570000000000003          1.6102061097021385E-028
  0.30680000000000002          8.3411857372541051E-029
  0.30790000000000001          4.3104782762393123E-029
  0.30900000000000005          2.2221563263537752E-029
  0.31010000000000004          1.1428132004569974E-029
  0.31120000000000003          5.8631028873251782E-030
  0.31230000000000002          3.0007615417734673E-030
  0.31340000000000001          1.5321003104493222E-030
  0.31450000000000006          7.8035958901654292E-031
  0.31560000000000005          3.9651009019620666E-031
  0.31670000000000004          2.0098597708382069E-031
  0.31780000000000003          1.0163172518438242E-031
  0.31890000000000002          5.1267840170082378E-032
  0.32000000000000001          2.5799597197581959E-032
  0.32110000000000005          1.2951890630947669E-032
  0.32220000000000004          6.4864299903992002E-033
  0.32330000000000003          3.2406399278873300E-033
  0.32440000000000002          1.6151330951206617E-033
  0.32550000000000001          8.0304227184210740E-034
  0.32660000000000006          3.9830997004464530E-034
  0.32770000000000005          1.9708641343023794E-034
  0.32880000000000004          9.7284784911266015E-035
  0.32990000000000003          4.7905576180942659E-035
  0.33100000000000002          2.3533151530495899E-035
  0.33210000000000001          1.1532596857657731E-035
  0.33320000000000005          5.6380275583025982E-036
  0.33430000000000004          2.7496688318756406E-036
  0.33540000000000003          1.3377863266186151E-036
  0.33650000000000002          6.4930144132376655E-037
  0.33760000000000001          3.1438314897485790E-037
  0.33870000000000006          1.5185375958751057E-037
  0.33980000000000005          7.3172055932351414E-038
  0.34090000000000004          3.5173732111502869E-038
  0.34200000000000003          1.6867285281335998E-038
  0.34310000000000002          8.0691081575093087E-039
  0.34420000000000001          3.8508760799463503E-039
  0.34530000000000005          1.8333580172331593E-039
  0.34640000000000004          8.7074024106061916E-040
  0.34750000000000003          4.1255768218033372E-040
  0.34860000000000002          1.9499908910158424E-040
  0.34970000000000001          9.1946198736672872E-041
  0.35080000000000006          4.3251077101385479E-041
  0.35190000000000005          2.0296406957280650E-041
  0.35300000000000004          9.5008035881222597E-042
  0.35410000000000003          4.4365109380523708E-042
  0.35520000000000002          2.0669152348791052E-042
  0.35630000000000001          9.6129074652682451E-043
  0.35740000000000005          4.4561291165529183E-043
  0.35850000000000004          2.0599087425574811E-043
  0.35960000000000003          9.5288295574087561E-044
  0.36070000000000002          4.3440252394069329E-044
  0.36180000000000001          1.9618178500547439E-044
  0.36290000000000006          9.8090892502737195E-045
  0.36400000000000005          4.2038953929744512E-045
  0.36510000000000004          1.4012984643248171E-045
  0.36620000000000003          1.4012984643248171E-045
  0.36730000000000002          0.0000000000000000     
  0.36840000000000006          0.0000000000000000     
  0.36950000000000005          0.0000000000000000     
  0.37060000000000004          0.0000000000000000     
  0.37170000000000003          0.0000000000000000     
  0.37280000000000002          0.0000000000000000     
  0.37390000000000001          0.0000000000000000     
  0.37500000000000006          0.0000000000000000     
  0.37610000000000005          0.0000000000000000     
  0.37720000000000004          0.0000000000000000     
  0.37830000000000003          0.0000000000000000     
  0.37940000000000002          0.0000000000000000     
  0.38050000000000006          0.0000000000000000     
  0.38160000000000005          0.0000000000000000     
  0.38270000000000004          0.0000000000000000     
  0.38380000000000003          0.0000000000000000     
  0.38490000000000002          0.0000000000000000     
  0.38600000000000001          0.0000000000000000     
  0.38710000000000000          0.0000000000000000     
  0.38819999999999999          0.0000000000000000     
  0.38930000000000009          0.0000000000000000     
  0.39040000000000008          0.0000000000000000     
  0.39150000000000007          0.0000000000000000     
  0.39260000000000006          0.0000000000000000     
  0.39370000000000005          0.0000000000000000     
  0.39480000000000004          0.0000000000000000     
  0.39590000000000003          0.0000000000000000     
  0.39700000000000002          0.0000000000000000     
  0.39810000000000001          0.0000000000000000     
  0.39920000000000000          0.0000000000000000     
  0.40029999999999999          0.0000000000000000     
  0.40140000000000009          0.0000000000000000     
  0.40250000000000008          0.0000000000000000     
  0.40360000000000007          0.0000000000000000     
  0.40470000000000006          0.0000000000000000     
  0.40580000000000005          0.0000000000000000     
  0.40690000000000004          0.0000000000000000     
  0.40800000000000003          0.0000000000000000     
  0.40910000000000002          0.0000000000000000     
  0.41020000000000001          0.0000000000000000     
  0.41130000000000000          0.0000000000000000     
  0.41239999999999999          0.0000000000000000     
  0.41350000000000009          0.0000000000000000     
  0.41460000000000008          0.0000000000000000     
  0.41570000000000007          0.0000000000000000     
  0.41680000000000006          0.0000000000000000     
  0.41790000000000005          0.0000000000000000     
  0.41900000000000004          0.0000000000000000     
  0.42010000000000003          0.0000000000000000     
  0.42120000000000002          0.0000000000000000     
  0.42230000000000001          0.0000000000000000     
  0.42340000000000000          0.0000000000000000     
  0.42449999999999999          0.0000000000000000     
  0.42560000000000009          0.0000000000000000     
  0.42670000000000008          0.0000000000000000     
  0.42780000000000007          0.0000000000000000     
  0.42890000000000006          0.0000000000000000     
  0.43000000000000005          0.0000000000000000     
  0.43110000000000004          0.0000000000000000     
  0.43220000000000003          0.0000000000000000     
  0.43330000000000002          0.0000000000000000     
  0.43440000000000001          0.0000000000000000     
  0.43550000000000000          0.0000000000000000     
  0.43659999999999999          0.0000000000000000     
  0.43770000000000009          0.0000000000000000     
  0.43880000000000008          0.0000000000000000     
  0.43990000000000007          0.0000000000000000     
  0.44100000000000006          0.0000000000000000     
  0.44210000000000005          0.0000000000000000     
  0.44320000000000004          0.0000000000000000     
  0.44430000000000003          0.0000000000000000     
  0.44540000000000002          0.0000000000000000     
  0.44650000000000001          0.0000000000000000     
  0.44760000000000000          0.0000000000000000     
  0.44869999999999999          0.0000000000000000     
  0.44980000000000009          0.0000000000000000     
  0.45090000000000008          0.0000000000000000     
  0.45200000000000007          0.0000000000000000     
  0.45310000000000006          0.0000000000000000     
  0.45420000000000005          0.0000000000000000     
  0.45530000000000004          0.0000000000000000     
  0.45640000000000003          0.0000000000000000     
  0.45750000000000002          0.0000000000000000     
  0.45860000000000001          0.0000000000000000     
  0.45970000000000000          0.0000000000000000     
  0.46079999999999999          0.0000000000000000     
  0.46190000000000009          0.0000000000000000     
  0.46300000000000008          0.0000000000000000     
  0.46410000000000007          0.0000000000000000     
  0.46520000000000006          0.0000000000000000     
  0.46630000000000005          0.0000000000000000     
  0.46740000000000004          0.0000000000000000     
  0.46850000000000003          0.0000000000000000     
  0.46960000000000002          0.0000000000000000     
  0.47070000000000001          0.0000000000000000     
  0.47180000000000000          0.0000000000000000     
  0.47289999999999999          0.0000000000000000     
  0.47400000000000009          0.0000000000000000     
  0.47510000000000008          0.0000000000000000     
  0.47620000000000007          0.0000000000000000     
  0.47730000000000006          0.0000000000000000     
  0.47840000000000005          0.0000000000000000     
  0.47950000000000004          0.0000000000000000     
  0.48060000000000003          0.0000000000000000     
  0.48170000000000002          0.0000000000000000     
  0.48280000000000001          0.0000000000000000     
  0.48390000000000000          0.0000000000000000     
  0.48499999999999999          0.0000000000000000     
  0.48610000000000009          0.0000000000000000     
  0.48720000000000008          0.0000000000000000     
  0.48830000000000007          0.0000000000000000     
  0.48940000000000006          0.0000000000000000     
  0.49050000000000005          0.0000000000000000     
  0.49160000000000004          0.0000000000000000     
  0.49270000000000003          0.0000000000000000     
  0.49380000000000002          0.0000000000000000     
  0.49490000000000001          0.0000000000000000     
  0.49600000000000000          0.0000000000000000     
  0.49709999999999999          0.0000000000000000     
  0.49820000000000009          0.0000000000000000     
  0.49930000000000008          0.0000000000000000     
  0.50040000000000007          0.0000000000000000     
  0.50150000000000006          0.0000000000000000     
  0.50260000000000005          0.0000000000000000     
  0.50370000000000004          0.0000000000000000     
  0.50480000000000003          0.0000000000000000     
  0.50590000000000002          0.0000000000000000     
  0.50700000000000001          0.0000000000000000     
  0.50810000000000000          0.0000000000000000     
  0.50920000000000010          0.0000000000000000     
  0.51030000000000009          0.0000000000000000     
  0.51140000000000008          0.0000000000000000     
  0.51250000000000007          0.0000000000000000     
  0.51360000000000006          0.0000000000000000     
  0.51470000000000005          0.0000000000000000     
  0.51580000000000004          0.0000000000000000     
  0.51690000000000003          0.0000000000000000     
  0.51800000000000002          0.0000000000000000     
  0.51910000000000001          0.0000000000000000     
  0.52020000000000000          0.0000000000000000     
  0.52130000000000010          0.0000000000000000     
  0.52240000000000009          0.0000000000000000     
  0.52350000000000008          0.0000000000000000     
  0.52460000000000007          0.0000000000000000     
  0.52570000000000006          0.0000000000000000     
  0.52680000000000005          0.0000000000000000     
  0.52790000000000004          0.0000000000000000     
  0.52900000000000003          0.0000000000000000     
  0.53010000000000002          0.0000000000000000     
  0.53120000000000001          0.0000000000000000     
  0.53230000000000000          0.0000000000000000     
  0.53340000000000010          0.0000000000000000     
  0.53450000000000009          0.0000000000000000     
  0.53560000000000008          0.0000000000000000     
  0.53670000000000007          0.0000000000000000     
  0.53780000000000006          0.0000000000000000     
  0.53890000000000005          0.0000000000000000     
  0.54000000000000004          0.0000000000000000     
  0.54110000000000003          0.0000000000000000     
  0.54220000000000002          0.0000000000000000     
  0.54330000000000001          0.0000000000000000     
  0.54440000000000000          0.0000000000000000     
  0.54550000000000010          0.0000000000000000     
  0.54660000000000009          0.0000000000000000     
  0.54770000000000008          0.0000000000000000     
  0.54880000000000007          0.0000000000000000     
  0.54990000000000006          0.0000000000000000     
  0.55100000000000005          0.0000000000000000     
  0.55210000000000004          0.0000000000000000     
  0.55320000000000003          0.0000000000000000     
  0.55430000000000001          0.0000000000000000     
  0.55540000000000000          0.0000000000000000     
  0.55649999999999999          0.0000000000000000     
  0.55760000000000010          0.0000000000000000     
  0.55870000000000009          0.0000000000000000     
  0.55980000000000008          0.0000000000000000     
  0.56090000000000007          0.0000000000000000     
  0.56200000000000006          0.0000000000000000     
  0.56310000000000004          0.0000000000000000     
  0.56420000000000003          0.0000000000000000     
  0.56530000000000002          0.0000000000000000     
  0.56640000000000001          0.0000000000000000     
  0.56750000000000000          0.0000000000000000     
  0.56859999999999999          0.0000000000000000     
  0.56970000000000010          0.0000000000000000     
  0.57080000000000009          0.0000000000000000     
  0.57190000000000007          0.0000000000000000     
  0.57300000000000006          0.0000000000000000     
  0.57410000000000005          0.0000000000000000     
  0.57520000000000004          0.0000000000000000     
  0.57630000000000003          0.0000000000000000     
  0.57740000000000002          0.0000000000000000     
  0.57850000000000001          0.0000000000000000     
  0.57960000000000000          0.0000000000000000     
  0.58069999999999999          0.0000000000000000     
  0.58180000000000009          0.0000000000000000     
  0.58290000000000008          0.0000000000000000     
  0.58400000000000007          0.0000000000000000     
  0.58510000000000006          0.0000000000000000     
  0.58620000000000005          0.0000000000000000     
  0.58730000000000004          0.0000000000000000     
  0.58840000000000003          0.0000000000000000     
  0.58950000000000002          0.0000000000000000     
  0.59060000000000001          0.0000000000000000     
  0.59170000000000000          0.0000000000000000     
  0.59279999999999999          0.0000000000000000     
  0.59390000000000009          0.0000000000000000     
  0.59500000000000008          0.0000000000000000     
  0.59610000000000007          0.0000000000000000     
  0.59720000000000006          0.0000000000000000     
  0.59830000000000005          0.0000000000000000     
  0.59940000000000004          0.0000000000000000     
  0.60050000000000003          0.0000000000000000     
  0.60160000000000002          0.0000000000000000     
  0.60270000000000001          0.0000000000000000     
  0.60380000000000000          0.0000000000000000     
  0.60489999999999999          0.0000000000000000     
  0.60600000000000009          0.0000000000000000     
  0.60710000000000008          0.0000000000000000     
  0.60820000000000007          0.0000000000000000     
  0.60930000000000006          0.0000000000000000     
  0.61040000000000005          0.0000000000000000     
  0.61150000000000004          0.0000000000000000     
  0.61260000000000003          0.0000000000000000     
  0.61370000000000002          0.0000000000000000     
  0.61480000000000001          0.0000000000000000     
  0.61590000000000000          0.0000000000000000     
  0.61700000000000010          0.0000000000000000     
  0.61810000000000009          0.0000000000000000     
  0.61920000000000008          0.0000000000000000     
  0.62030000000000007          0.0000000000000000     
  0.62140000000000006          0.0000000000000000     
  0.62250000000000005          0.0000000000000000     
  0.62360000000000004          0.0000000000000000     
  0.62470000000000003          0.0000000000000000     
  0.62580000000000002          0.0000000000000000     
  0.62690000000000001          0.0000000000000000     
  0.62800000000000000          0.0000000000000000     
  0.62910000000000010          0.0000000000000000     
  0.63020000000000009          0.0000000000000000     
  0.63130000000000008          0.0000000000000000     
  0.63240000000000007          0.0000000000000000     
  0.63350000000000006          0.0000000000000000     
  0.63460000000000005          0.0000000000000000     
  0.63570000000000004          0.0000000000000000     
  0.63680000000000003          0.0000000000000000     
  0.63790000000000002          0.0000000000000000     
  0.63900000000000001          0.0000000000000000     
  0.64010000000000000          0.0000000000000000     
  0.64120000000000010          0.0000000000000000     
  0.64230000000000009          0.0000000000000000     
  0.64340000000000008          0.0000000000000000     
  0.64450000000000007          0.0000000000000000     
  0.64560000000000006          0.0000000000000000     
  0.64670000000000005          0.0000000000000000     
  0.64780000000000004          0.0000000000000000     
  0.64890000000000003          0.0000000000000000     
  0.65000000000000002          0.0000000000000000     
  0.65110000000000001          0.0000000000000000     
  0.65220000000000000          0.0000000000000000     
  0.65330000000000010          0.0000000000000000     
  0.65440000000000009          0.0000000000000000     
  0.65550000000000008          0.0000000000000000     
  0.65660000000000007          0.0000000000000000     
  0.65770000000000006          0.0000000000000000     
  0.65880000000000005          0.0000000000000000     
  0.65990000000000004          0.0000000000000000     
  0.66100000000000003          0.0000000000000000     
  0.66210000000000002          0.0000000000000000     
  0.66320000000000001          0.0000000000000000     
  0.66430000000000000          0.0000000000000000     
  0.66540000000000010          0.0000000000000000     
  0.66650000000000009          0.0000000000000000     
  0.66760000000000008          0.0000000000000000     
  0.66870000000000007          0.0000000000000000     
  0.66980000000000006          0.0000000000000000     
  0.67090000000000005          0.0000000000000000     
  0.67200000000000004          0.0000000000000000     
  0.67310000000000003          0.0000000000000000     
  0.67420000000000002          0.0000000000000000     
  0.67530000000000001          0.0000000000000000     
  0.67640000000000000          0.0000000000000000     
  0.67750000000000010          0.0000000000000000     
  0.67860000000000009          0.0000000000000000     
  0.67970000000000008          0.0000000000000000     
  0.68080000000000007          0.0000000000000000     
  0.68190000000000006          0.0000000000000000     
  0.68300000000000005          0.0000000000000000     
  0.68410000000000004          0.0000000000000000     
  0.68520000000000003          0.0000000000000000     
  0.68630000000000002          0.0000000000000000     
  0.68740000000000001          0.0000000000000000     
  0.68850000000000000          0.0000000000000000     
  0.68960000000000010          0.0000000000000000     
  0.69070000000000009          0.0000000000000000     
  0.69180000000000008          0.0000000000000000     
  0.69290000000000007          0.0000000000000000     
  0.69400000000000006          0.0000000000000000     
  0.69510000000000005          0.0000000000000000     
  0.69620000000000004          0.0000000000000000     
  0.69730000000000003          0.0000000000000000     
  0.69840000000000002          0.0000000000000000     
  0.69950000000000001          0.0000000000000000     
  0.70060000000000000          0.0000000000000000     
  0.70170000000000010          0.0000000000000000     
  0.70280000000000009          0.0000000000000000     
  0.70390000000000008          0.0000000000000000     
  0.70500000000000007          0.0000000000000000     
  0.70610000000000006          0.0000000000000000     
  0.70720000000000005          0.0000000000000000     
  0.70830000000000004          0.0000000000000000     
  0.70940000000000003          0.0000000000000000     
  0.71050000000000002          0.0000000000000000     
  0.71160000000000001          0.0000000000000000     
  0.71270000000000000          0.0000000000000000     
  0.71380000000000010          0.0000000000000000     
  0.71490000000000009          0.0000000000000000     
  0.71600000000000008          0.0000000000000000     
  0.71710000000000007          0.0000000000000000     
  0.71820000000000006          0.0000000000000000     
  0.71930000000000005          0.0000000000000000     
  0.72040000000000004          0.0000000000000000     
  0.72150000000000003          0.0000000000000000     
  0.72260000000000002          0.0000000000000000     
  0.72370000000000001          0.0000000000000000     
  0.72480000000000000          0.0000000000000000     
  0.72590000000000010          0.0000000000000000     
  0.72700000000000009          0.0000000000000000     
  0.72810000000000008          0.0000000000000000     
  0.72920000000000007          0.0000000000000000     
  0.73030000000000006          0.0000000000000000     
  0.73140000000000005          0.0000000000000000     
  0.73250000000000004          0.0000000000000000     
  0.73360000000000003          0.0000000000000000     
  0.73470000000000002          0.0000000000000000     
  0.73580000000000001          0.0000000000000000     
  0.73690000000000011          0.0000000000000000     
  0.73800000000000010          0.0000000000000000     
  0.73910000000000009          0.0000000000000000     
  0.74020000000000008          0.0000000000000000     
  0.74130000000000007          0.0000000000000000     
  0.74240000000000006          0.0000000000000000     
  0.74350000000000005          0.0000000000000000     
  0.74460000000000004          0.0000000000000000     
  0.74570000000000003          0.0000000000000000     
  0.74680000000000002          0.0000000000000000     
  0.74790000000000001          0.0000000000000000     
  0.74900000000000011          0.0000000000000000     
  0.75010000000000010          0.0000000000000000     
  0.75120000000000009          0.0000000000000000     
  0.75230000000000008          0.0000000000000000     
  0.75340000000000007          0.0000000000000000     
  0.75450000000000006          0.0000000000000000     
  0.75560000000000005          0.0000000000000000     
  0.75670000000000004          0.0000000000000000     
  0.75780000000000003          0.0000000000000000     
  0.75890000000000002          0.0000000000000000     
  0.76000000000000001          0.0000000000000000     
  0.76110000000000011          0.0000000000000000     
  0.76220000000000010          0.0000000000000000     
  0.76330000000000009          0.0000000000000000     
  0.76440000000000008          0.0000000000000000     
  0.76550000000000007          0.0000000000000000     
  0.76660000000000006          0.0000000000000000     
  0.76770000000000005          0.0000000000000000     
  0.76880000000000004          0.0000000000000000     
  0.76990000000000003          0.0000000000000000     
  0.77100000000000002          0.0000000000000000     
  0.77210000000000001          0.0000000000000000     
  0.77320000000000011          0.0000000000000000     
  0.77430000000000010          0.0000000000000000     
  0.77540000000000009          0.0000000000000000     
  0.77650000000000008          0.0000000000000000     
  0.77760000000000007          0.0000000000000000     
  0.77870000000000006          0.0000000000000000     
  0.77980000000000005          0.0000000000000000     
  0.78090000000000004          0.0000000000000000     
  0.78200000000000003          0.0000000000000000     
  0.78310000000000002          0.0000000000000000     
  0.78420000000000001          0.0000000000000000     
  0.78530000000000011          0.0000000000000000     
  0.78640000000000010          0.0000000000000000     
  0.78750000000000009          0.0000000000000000     
  0.78860000000000008          0.0000000000000000     
  0.78970000000000007          0.0000000000000000     
  0.79080000000000006          0.0000000000000000     
  0.79190000000000005          0.0000000000000000     
  0.79300000000000004          0.0000000000000000     
  0.79410000000000003          0.0000000000000000     
  0.79520000000000002          0.0000000000000000     
  0.79630000000000001          0.0000000000000000     
  0.79740000000000011          0.0000000000000000     
  0.79850000000000010          0.0000000000000000     
  0.79960000000000009          0.0000000000000000     
  0.80070000000000008          0.0000000000000000     
  0.80180000000000007          0.0000000000000000     
  0.80290000000000006          0.0000000000000000     
  0.80400000000000005          0.0000000000000000     
  0.80510000000000004          0.0000000000000000     
  0.80620000000000003          0.0000000000000000     
  0.80730000000000002          0.0000000000000000     
  0.80840000000000001          0.0000000000000000     
  0.80950000000000011          0.0000000000000000     
  0.81060000000000010          0.0000000000000000     
  0.81170000000000009          0.0000000000000000     
  0.81280000000000008          0.0000000000000000     
  0.81390000000000007          0.0000000000000000     
  0.81500000000000006          0.0000000000000000     
  0.81610000000000005          0.0000000000000000     
  0.81720000000000004          0.0000000000000000     
  0.81830000000000003          0.0000000000000000     
  0.81940000000000002          0.0000000000000000     
  0.82050000000000001          0.0000000000000000     
  0.82160000000000011          0.0000000000000000     
  0.82270000000000010          0.0000000000000000     
  0.82380000000000009          0.0000000000000000     
  0.82490000000000008          0.0000000000000000     
  0.82600000000000007          0.0000000000000000     
  0.82710000000000006          0.0000000000000000     
  0.82820000000000005          0.0000000000000000     
  0.82930000000000004          0.0000000000000000     
  0.83040000000000003          0.0000000000000000     
  0.83150000000000002          0.0000000000000000     
  0.83260000000000001          0.0000000000000000     
  0.83370000000000011          0.0000000000000000     
  0.83480000000000010          0.0000000000000000     
  0.83590000000000009          0.0000000000000000     
  0.83700000000000008          0.0000000000000000     
  0.83810000000000007          0.0000000000000000     
  0.83920000000000006          0.0000000000000000     
  0.84030000000000005          0.0000000000000000     
  0.84140000000000004          0.0000000000000000     
  0.84250000000000003          0.0000000000000000     
  0.84360000000000002          0.0000000000000000     
  0.84470000000000012          0.0000000000000000     
  0.84580000000000011          0.0000000000000000     
  0.84690000000000010          0.0000000000000000     
  0.84800000000000009          0.0000000000000000     
  0.84910000000000008          0.0000000000000000     
  0.85020000000000007          0.0000000000000000     
  0.85130000000000006          0.0000000000000000     
  0.85240000000000005          0.0000000000000000     
  0.85350000000000004          0.0000000000000000     
  0.85460000000000003          0.0000000000000000     
  0.85570000000000002          0.0000000000000000     
  0.85680000000000012          0.0000000000000000     
  0.85790000000000011          0.0000000000000000     
  0.85900000000000010          0.0000000000000000     
  0.86010000000000009          0.0000000000000000     
  0.86120000000000008          0.0000000000000000     
  0.86230000000000007          0.0000000000000000     
  0.86340000000000006          0.0000000000000000     
  0.86450000000000005          0.0000000000000000     
  0.86560000000000004          0.0000000000000000     
  0.86670000000000003          0.0000000000000000     
  0.86780000000000002          0.0000000000000000     
  0.86890000000000012          0.0000000000000000     
  0.87000000000000011          0.0000000000000000     
  0.87110000000000010          0.0000000000000000     
  0.87220000000000009          0.0000000000000000     
  0.87330000000000008          0.0000000000000000     
  0.87440000000000007          0.0000000000000000     
  0.87550000000000006          0.0000000000000000     
  0.87660000000000005          0.0000000000000000     
  0.87770000000000004          0.0000000000000000     
  0.87880000000000003          0.0000000000000000     
  0.87990000000000002          0.0000000000000000     
  0.88100000000000012          0.0000000000000000     
  0.88210000000000000          0.0000000000000000     
  0.88320000000000010          0.0000000000000000     
  0.88429999999999997          0.0000000000000000     
  0.88540000000000008          0.0000000000000000     
  0.88649999999999995          0.0000000000000000     
  0.88760000000000006          0.0000000000000000     
  0.88870000000000016          0.0000000000000000     
  0.88980000000000004          0.0000000000000000     
  0.89090000000000014          0.0000000000000000     
  0.89200000000000002          0.0000000000000000     
  0.89310000000000012          0.0000000000000000     
  0.89419999999999999          0.0000000000000000     
  0.89530000000000010          0.0000000000000000     
  0.89639999999999997          0.0000000000000000     
  0.89750000000000008          0.0000000000000000     
  0.89860000000000018          0.0000000000000000     
  0.89970000000000006          0.0000000000000000     
  0.90080000000000016          0.0000000000000000     
  0.90190000000000003          0.0000000000000000     
  0.90300000000000014          0.0000000000000000     
  0.90410000000000001          0.0000000000000000     
  0.90520000000000012          0.0000000000000000     
  0.90629999999999999          0.0000000000000000     
  0.90740000000000010          0.0000000000000000     
  0.90849999999999997          0.0000000000000000     
  0.90960000000000008          0.0000000000000000     
  0.91070000000000018          0.0000000000000000     
  0.91180000000000005          0.0000000000000000     
  0.91290000000000016          0.0000000000000000     
  0.91400000000000003          0.0000000000000000     
  0.91510000000000014          0.0000000000000000     
  0.91620000000000001          0.0000000000000000     
  0.91730000000000012          0.0000000000000000     
  0.91839999999999999          0.0000000000000000     
  0.91950000000000010          0.0000000000000000     
  0.92059999999999997          0.0000000000000000     
  0.92170000000000007          0.0000000000000000     
  0.92280000000000018          0.0000000000000000     
  0.92390000000000005          0.0000000000000000     
  0.92500000000000016          0.0000000000000000     
  0.92610000000000003          0.0000000000000000     
  0.92720000000000014          0.0000000000000000     
  0.92830000000000001          0.0000000000000000     
  0.92940000000000011          0.0000000000000000     
  0.93049999999999999          0.0000000000000000     
  0.93160000000000009          0.0000000000000000     
  0.93269999999999997          0.0000000000000000     
  0.93380000000000007          0.0000000000000000     
  0.93490000000000018          0.0000000000000000     
  0.93600000000000005          0.0000000000000000     
  0.93710000000000016          0.0000000000000000     
  0.93820000000000003          0.0000000000000000     
  0.93930000000000013          0.0000000000000000     
  0.94040000000000001          0.0000000000000000     
  0.94150000000000011          0.0000000000000000     
  0.94259999999999999          0.0000000000000000     
  0.94370000000000009          0.0000000000000000     
  0.94479999999999997          0.0000000000000000     
  0.94590000000000007          0.0000000000000000     
  0.94700000000000017          0.0000000000000000     
  0.94810000000000005          0.0000000000000000     
  0.94920000000000015          0.0000000000000000     
  0.95030000000000003          0.0000000000000000     
  0.95140000000000013          0.0000000000000000     
  0.95250000000000001          0.0000000000000000     
  0.95360000000000011          0.0000000000000000     
  0.95469999999999999          0.0000000000000000     
  0.95580000000000009          0.0000000000000000     
  0.95689999999999997          0.0000000000000000     
  0.95800000000000007          0.0000000000000000     
  0.95910000000000017          0.0000000000000000     
  0.96020000000000005          0.0000000000000000     
  0.96130000000000015          0.0000000000000000     
  0.96240000000000003          0.0000000000000000     
  0.96350000000000013          0.0000000000000000     
  0.96460000000000001          0.0000000000000000     
  0.96570000000000011          0.0000000000000000     
  0.96679999999999999          0.0000000000000000     
  0.96790000000000009          0.0000000000000000     
  0.96899999999999997          0.0000000000000000     
  0.97010000000000007          0.0000000000000000     
  0.97120000000000017          0.0000000000000000     
  0.97230000000000005          0.0000000000000000     
  0.97340000000000015          0.0000000000000000     
  0.97450000000000003          0.0000000000000000     
  0.97560000000000013          0.0000000000000000     
  0.97670000000000001          0.0000000000000000     
  0.97780000000000011          0.0000000000000000     
  0.97889999999999999          0.0000000000000000     
  0.98000000000000009          0.0000000000000000     
  0.98109999999999997          0.0000000000000000     
  0.98220000000000007          0.0000000000000000     
  0.98330000000000017          0.0000000000000000     
  0.98440000000000005          0.0000000000000000     
  0.98550000000000015          0.0000000000000000     
  0.98660000000000003          0.0000000000000000     
  0.98770000000000013          0.0000000000000000     
  0.98880000000000001          0.0000000000000000     
  0.98990000000000011          0.0000000000000000     
  0.99099999999999999          0.0000000000000000     
  0.99210000000000009          0.0000000000000000     
  0.99319999999999997          0.0000000000000000     
  0.99430000000000007          0.0000000000000000     
  0.99540000000000017          0.0000000000000000     
  0.99650000000000005          0.0000000000000000     
  0.99760000000000015          0.0000000000000000     
  0.99870000000000003          0.0000000000000000     
  0.99980000000000013          0.0000000000000000     
   1.0009000000000001          0.0000000000000000     
   1.0020000000000002          0.0000000000000000     
   1.0030999999999999          0.0000000000000000     
   1.0042000000000000          0.0000000000000000     
   1.0053000000000001          0.0000000000000000     
   1.0064000000000002          0.0000000000000000     
   1.0075000000000003          0.0000000000000000     
   1.0085999999999999          0.0000000000000000     
   1.0097000000000000          0.0000000000000000     
   1.0108000000000001          0.0000000000000000     
   1.0119000000000002          0.0000000000000000     
   1.0129999999999999          0.0000000000000000     
   1.0141000000000000          0.0000000000000000     
   1.0152000000000001          0.0000000000000000     
   1.0163000000000002          0.0000000000000000     
   1.0173999999999999          0.0000000000000000     
   1.0185000000000000          0.0000000000000000     
   1.0196000000000001          0.0000000000000000     
   1.0207000000000002          0.0000000000000000     
   1.0218000000000003          0.0000000000000000     
   1.0228999999999999          0.0000000000000000     
   1.0240000000000000          0.0000000000000000     
   1.0251000000000001          0.0000000000000000     
   1.0262000000000002          0.0000000000000000     
   1.0272999999999999          0.0000000000000000     
   1.0284000000000000          0.0000000000000000     
   1.0295000000000001          0.0000000000000000     
   1.0306000000000002          0.0000000000000000     
   1.0317000000000003          0.0000000000000000     
   1.0327999999999999          0.0000000000000000     
   1.0339000000000000          0.0000000000000000     
   1.0350000000000001          0.0000000000000000     
   1.0361000000000002          0.0000000000000000     
   1.0371999999999999          0.0000000000000000     
   1.0383000000000000          0.0000000000000000     
   1.0394000000000001          0.0000000000000000     
   1.0405000000000002          0.0000000000000000     
   1.0415999999999999          0.0000000000000000     
   1.0427000000000000          0.0000000000000000     
   1.0438000000000001          0.0000000000000000     
   1.0449000000000002          0.0000000000000000     
   1.0460000000000003          0.0000000000000000     
   1.0470999999999999          0.0000000000000000     
   1.0482000000000000          0.0000000000000000     
   1.0493000000000001          0.0000000000000000     
   1.0504000000000002          0.0000000000000000     
   1.0514999999999999          0.0000000000000000     
   1.0526000000000000          0.0000000000000000     
   1.0537000000000001          0.0000000000000000     
   1.0548000000000002          0.0000000000000000     
   1.0559000000000003          0.0000000000000000     
   1.0569999999999999          0.0000000000000000     
   1.0581000000000000          0.0000000000000000     
   1.0592000000000001          0.0000000000000000     
   1.0603000000000002          0.0000000000000000     
   1.0613999999999999          0.0000000000000000     
   1.0625000000000000          0.0000000000000000     
   1.0636000000000001          0.0000000000000000     
   1.0647000000000002          0.0000000000000000     
   1.0657999999999999          0.0000000000000000     
   1.0669000000000000          0.0000000000000000     
   1.0680000000000001          0.0000000000000000     
   1.0691000000000002          0.0000000000000000     
   1.0702000000000003          0.0000000000000000     
   1.0712999999999999          0.0000000000000000     
   1.0724000000000000          0.0000000000000000     
   1.0735000000000001          0.0000000000000000     
   1.0746000000000002          0.0000000000000000     
   1.0756999999999999          0.0000000000000000     
   1.0768000000000000          0.0000000000000000     
   1.0779000000000001          0.0000000000000000     
   1.0790000000000002          0.0000000000000000     
   1.0801000000000003          0.0000000000000000     
   1.0811999999999999          0.0000000000000000     
   1.0823000000000000          0.0000000000000000     
   1.0834000000000001          0.0000000000000000     
   1.0845000000000002          0.0000000000000000     
   1.0855999999999999          0.0000000000000000     
   1.0867000000000000          0.0000000000000000     
   1.0878000000000001          0.0000000000000000     
   1.0889000000000002          0.0000000000000000     
   1.0899999999999999          0.0000000000000000     
   1.0911000000000000          0.0000000000000000     
   1.0922000000000001          0.0000000000000000     
   1.0933000000000002          0.0000000000000000     
   1.0944000000000003          0.0000000000000000     
   1.0954999999999999          0.0000000000000000     
   1.0966000000000000          0.0000000000000000     
   1.0977000000000001          0.0000000000000000     
   1.0988000000000002          0.0000000000000000     
   1.0998999999999999          0.0000000000000000     
   1.1010000000000000          0.0000000000000000     
   1.1021000000000001          0.0000000000000000     
   1.1032000000000002          0.0000000000000000     
   1.1043000000000003          0.0000000000000000     
   1.1053999999999999          0.0000000000000000     
   1.1065000000000000          0.0000000000000000     
   1.1076000000000001          0.0000000000000000     
   1.1087000000000002          0.0000000000000000     
   1.1097999999999999          0.0000000000000000     
   1.1109000000000000          0.0000000000000000     
   1.1120000000000001          0.0000000000000000     
   1.1131000000000002          0.0000000000000000     
   1.1141999999999999          0.0000000000000000     
   1.1153000000000000          0.0000000000000000     
   1.1164000000000001          0.0000000000000000     
   1.1175000000000002          0.0000000000000000     
   1.1186000000000003          0.0000000000000000     
   1.1196999999999999          0.0000000000000000     
   1.1208000000000000          0.0000000000000000     
   1.1219000000000001          0.0000000000000000     
   1.1230000000000002          0.0000000000000000     
   1.1240999999999999          0.0000000000000000     
   1.1252000000000000          0.0000000000000000     
   1.1263000000000001          0.0000000000000000     
   1.1274000000000002          0.0000000000000000     
   1.1285000000000003          0.0000000000000000     
   1.1295999999999999          0.0000000000000000     
   1.1307000000000000          0.0000000000000000     
   1.1318000000000001          0.0000000000000000     
   1.1329000000000002          0.0000000000000000     
   1.1339999999999999          0.0000000000000000     
   1.1351000000000000          0.0000000000000000     
   1.1362000000000001          0.0000000000000000     
   1.1373000000000002          0.0000000000000000     
   1.1384000000000003          0.0000000000000000     
   1.1395000000000000          0.0000000000000000     
   1.1406000000000001          0.0000000000000000     
   1.1417000000000002          0.0000000000000000     
   1.1428000000000003          0.0000000000000000     
   1.1438999999999999          0.0000000000000000     
   1.1450000000000000          0.0000000000000000     
   1.1461000000000001          0.0000000000000000     
   1.1472000000000002          0.0000000000000000     
   1.1482999999999999          0.0000000000000000     
   1.1494000000000000          0.0000000000000000     
   1.1505000000000001          0.0000000000000000     
   1.1516000000000002          0.0000000000000000     
   1.1527000000000003          0.0000000000000000     
   1.1537999999999999          0.0000000000000000     
   1.1549000000000000          0.0000000000000000     
   1.1560000000000001          0.0000000000000000     
   1.1571000000000002          0.0000000000000000     
   1.1581999999999999          0.0000000000000000     
   1.1593000000000000          0.0000000000000000     
   1.1604000000000001          0.0000000000000000     
   1.1615000000000002          0.0000000000000000     
   1.1626000000000003          0.0000000000000000     
   1.1637000000000000          0.0000000000000000     
   1.1648000000000001          0.0000000000000000     
   1.1659000000000002          0.0000000000000000     
   1.1670000000000003          0.0000000000000000     
   1.1680999999999999          0.0000000000000000     
   1.1692000000000000          0.0000000000000000     
   1.1703000000000001          0.0000000000000000     
   1.1714000000000002          0.0000000000000000     
   1.1724999999999999          0.0000000000000000     
   1.1736000000000000          0.0000000000000000     
   1.1747000000000001          0.0000000000000000     
   1.1758000000000002          0.0000000000000000     
   1.1769000000000003          0.0000000000000000     
   1.1779999999999999          0.0000000000000000     
   1.1791000000000000          0.0000000000000000     
   1.1802000000000001          0.0000000000000000     
   1.1813000000000002          0.0000000000000000     
   1.1823999999999999          0.0000000000000000     
   1.1835000000000000          0.0000000000000000     
   1.1846000000000001          0.0000000000000000     
   1.1857000000000002          0.0000000000000000     
   1.1868000000000003          0.0000000000000000     
   1.1879000000000000          0.0000000000000000     
   1.1890000000000001          0.0000000000000000     
   1.1901000000000002          0.0000000000000000     
   1.1912000000000003          0.0000000000000000     
   1.1922999999999999          0.0000000000000000     
   1.1934000000000000          0.0000000000000000     
   1.1945000000000001          0.0000000000000000     
   1.1956000000000002          0.0000000000000000     
   1.1966999999999999          0.0000000000000000     
   1.1978000000000000          0.0000000000000000     
   1.1989000000000001          0.0000000000000000     
   1.2000000000000002          0.0000000000000000     
   1.2011000000000003          0.0000000000000000     
   1.2021999999999999          0.0000000000000000     
   1.2033000000000000          0.0000000000000000     
   1.2044000000000001          0.0000000000000000     
   1.2055000000000002          0.0000000000000000     
   1.2065999999999999          0.0000000000000000     
   1.2077000000000000          0.0000000000000000     
   1.2088000000000001          0.0000000000000000     
   1.2099000000000002          0.0000000000000000     
   1.2110000000000003          0.0000000000000000     
   1.2121000000000000          0.0000000000000000     
   1.2132000000000001          0.0000000000000000     
   1.2143000000000002          0.0000000000000000     
   1.2154000000000003          0.0000000000000000     
   1.2164999999999999          0.0000000000000000     
   1.2176000000000000          0.0000000000000000     
   1.2187000000000001          0.0000000000000000     
   1.2198000000000002          0.0000000000000000     
   1.2208999999999999          0.0000000000000000     
   1.2220000000000000          0.0000000000000000     
   1.2231000000000001          0.0000000000000000     
   1.2242000000000002          0.0000000000000000     
   1.2253000000000003          0.0000000000000000     
   1.2263999999999999          0.0000000000000000     
   1.2275000000000000          0.0000000000000000     
   1.2286000000000001          0.0000000000000000     
   1.2297000000000002          0.0000000000000000     
   1.2307999999999999          0.0000000000000000     
   1.2319000000000000          0.0000000000000000     
   1.2330000000000001          0.0000000000000000     
   1.2341000000000002          0.0000000000000000     
   1.2352000000000003          0.0000000000000000     
   1.2363000000000000          0.0000000000000000     
   1.2374000000000001          0.0000000000000000     
   1.2385000000000002          0.0000000000000000     
   1.2396000000000003          0.0000000000000000     
   1.2406999999999999          0.0000000000000000     
   1.2418000000000000          0.0000000000000000     
   1.2429000000000001          0.0000000000000000     
   1.2440000000000002          0.0000000000000000     
   1.2450999999999999          0.0000000000000000     
   1.2462000000000000          0.0000000000000000     
   1.2473000000000001          0.0000000000000000     
   1.2484000000000002          0.0000000000000000     
   1.2495000000000003          0.0000000000000000     
   1.2505999999999999          0.0000000000000000     
   1.2517000000000000          0.0000000000000000     
   1.2528000000000001          0.0000000000000000     
   1.2539000000000002          0.0000000000000000     
   1.2549999999999999          0.0000000000000000     
   1.2561000000000000          0.0000000000000000     
   1.2572000000000001          0.0000000000000000     
   1.2583000000000002          0.0000000000000000     
   1.2594000000000003          0.0000000000000000     
   1.2605000000000000          0.0000000000000000     
   1.2616000000000001          0.0000000000000000     
   1.2627000000000002          0.0000000000000000     
   1.2638000000000003          0.0000000000000000     
   1.2648999999999999          0.0000000000000000     
   1.2660000000000000          0.0000000000000000     
   1.2671000000000001          0.0000000000000000     
   1.2682000000000002          0.0000000000000000     
   1.2692999999999999          0.0000000000000000     
   1.2704000000000000          0.0000000000000000     
   1.2715000000000001          0.0000000000000000     
   1.2726000000000002          0.0000000000000000     
   1.2737000000000003          0.0000000000000000     
   1.2747999999999999          0.0000000000000000     
   1.2759000000000000          0.0000000000000000     
   1.2770000000000001          0.0000000000000000     
   1.2781000000000002          0.0000000000000000     
   1.2791999999999999          0.0000000000000000     
   1.2803000000000000          0.0000000000000000     
   1.2814000000000001          0.0000000000000000     
   1.2825000000000002          0.0000000000000000     
   1.2836000000000003          0.0000000000000000     
   1.2847000000000000          0.0000000000000000     
   1.2858000000000001          0.0000000000000000     
   1.2869000000000002          0.0000000000000000     
   1.2880000000000003          0.0000000000000000     
   1.2890999999999999          0.0000000000000000     
   1.2902000000000000          0.0000000000000000     
   1.2913000000000001          0.0000000000000000     
   1.2924000000000002          0.0000000000000000     
   1.2934999999999999          0.0000000000000000     
   1.2946000000000000          0.0000000000000000     
   1.2957000000000001          0.0000000000000000     
   1.2968000000000002          0.0000000000000000     
   1.2979000000000003          0.0000000000000000     
   1.2989999999999999          0.0000000000000000     
   1.3001000000000000          0.0000000000000000     
   1.3012000000000001          0.0000000000000000     
   1.3023000000000002          0.0000000000000000     
   1.3033999999999999          0.0000000000000000     
   1.3045000000000000          0.0000000000000000     
   1.3056000000000001          0.0000000000000000     
   1.3067000000000002          0.0000000000000000     
   1.3078000000000003          0.0000000000000000     
   1.3089000000000000          0.0000000000000000     
   1.3100000000000001          0.0000000000000000     
   1.3111000000000002          0.0000000000000000     
   1.3122000000000003          0.0000000000000000     
   1.3132999999999999          0.0000000000000000     
   1.3144000000000000          0.0000000000000000     
   1.3155000000000001          0.0000000000000000     
   1.3166000000000002          0.0000000000000000     
   1.3176999999999999          0.0000000000000000     
   1.3188000000000000          0.0000000000000000     
   1.3199000000000001          0.0000000000000000     
   1.3210000000000002          0.0000000000000000     
   1.3221000000000003          0.0000000000000000     
   1.3231999999999999          0.0000000000000000     
   1.3243000000000000          0.0000000000000000     
   1.3254000000000001          0.0000000000000000     
   1.3265000000000002          0.0000000000000000     
   1.3275999999999999          0.0000000000000000     
   1.3287000000000000          0.0000000000000000     
   1.3298000000000001          0.0000000000000000     
   1.3309000000000002          0.0000000000000000     
   1.3320000000000003          0.0000000000000000     
   1.3331000000000000          0.0000000000000000     
   1.3342000000000001          0.0000000000000000     
   1.3353000000000002          0.0000000000000000     
   1.3364000000000003          0.0000000000000000     
   1.3374999999999999          0.0000000000000000     
   1.3386000000000000          0.0000000000000000     
   1.3397000000000001          0.0000000000000000     
   1.3408000000000002          0.0000000000000000     
   1.3418999999999999          0.0000000000000000     
   1.3430000000000000          0.0000000000000000     
   1.3441000000000001          0.0000000000000000     
   1.3452000000000002          0.0000000000000000     
   1.3463000000000003          0.0000000000000000     
   1.3473999999999999          0.0000000000000000     
   1.3485000000000000          0.0000000000000000     
   1.3496000000000001          0.0000000000000000     
   1.3507000000000002          0.0000000000000000     
   1.3517999999999999          0.0000000000000000     
   1.3529000000000000          0.0000000000000000     
   1.3540000000000001          0.0000000000000000     
   1.3551000000000002          0.0000000000000000     
   1.3562000000000003          0.0000000000000000     
   1.3573000000000000          0.0000000000000000     
   1.3584000000000001          0.0000000000000000     
   1.3595000000000002          0.0000000000000000     
   1.3606000000000003          0.0000000000000000     
   1.3616999999999999          0.0000000000000000     
   1.3628000000000000          0.0000000000000000     
   1.3639000000000001          0.0000000000000000     
   1.3650000000000002          0.0000000000000000     
   1.3661000000000003          0.0000000000000000     
   1.3672000000000000          0.0000000000000000     
   1.3683000000000001          0.0000000000000000     
   1.3694000000000002          0.0000000000000000     
   1.3705000000000003          0.0000000000000000     
   1.3715999999999999          0.0000000000000000     
   1.3727000000000000          0.0000000000000000     
   1.3738000000000001          0.0000000000000000     
   1.3749000000000002          0.0000000000000000     
   1.3759999999999999          0.0000000000000000     
   1.3771000000000000          0.0000000000000000     
   1.3782000000000001          0.0000000000000000     
   1.3793000000000002          0.0000000000000000     
   1.3804000000000003          0.0000000000000000     
   1.3815000000000000          0.0000000000000000     
   1.3826000000000001          0.0000000000000000     
   1.3837000000000002          0.0000000000000000     
   1.3848000000000003          0.0000000000000000     
   1.3858999999999999          0.0000000000000000     
   1.3870000000000000          0.0000000000000000     
   1.3881000000000001          0.0000000000000000     
   1.3892000000000002          0.0000000000000000     
   1.3903000000000003          0.0000000000000000     
   1.3914000000000000          0.0000000000000000     
   1.3925000000000001          0.0000000000000000     
   1.3936000000000002          0.0000000000000000     
   1.3947000000000003          0.0000000000000000     
   1.3957999999999999          0.0000000000000000     
   1.3969000000000000          0.0000000000000000     
   1.3980000000000001          0.0000000000000000     
   1.3991000000000002          0.0000000000000000     
   1.4001999999999999          0.0000000000000000     
   1.4013000000000000          0.0000000000000000     
   1.4024000000000001          0.0000000000000000     
   1.4035000000000002          0.0000000000000000     
   1.4046000000000003          0.0000000000000000     
   1.4056999999999999          0.0000000000000000     
   1.4068000000000001          0.0000000000000000     
   1.4079000000000002          0.0000000000000000     
   1.4090000000000003          0.0000000000000000     
   1.4100999999999999          0.0000000000000000     
   1.4112000000000000          0.0000000000000000     
   1.4123000000000001          0.0000000000000000     
   1.4134000000000002          0.0000000000000000     
   1.4145000000000003          0.0000000000000000     
   1.4156000000000000          0.0000000000000000     
   1.4167000000000001          0.0000000000000000     
   1.4178000000000002          0.0000000000000000     
   1.4189000000000003          0.0000000000000000     
   1.4199999999999999          0.0000000000000000     
   1.4211000000000000          0.0000000000000000     
   1.4222000000000001          0.0000000000000000     
   1.4233000000000002          0.0000000000000000     
   1.4243999999999999          0.0000000000000000     
   1.4255000000000000          0.0000000000000000     
   1.4266000000000001          0.0000000000000000     
   1.4277000000000002          0.0000000000000000     
   1.4288000000000003          0.0000000000000000     
   1.4298999999999999          0.0000000000000000     
   1.4310000000000000          0.0000000000000000     
   1.4321000000000002          0.0000000000000000     
   1.4332000000000003          0.0000000000000000     
   1.4342999999999999          0.0000000000000000     
   1.4354000000000000          0.0000000000000000     
   1.4365000000000001          0.0000000000000000     
   1.4376000000000002          0.0000000000000000     
   1.4387000000000003          0.0000000000000000     
   1.4398000000000000          0.0000000000000000     
   1.4409000000000001          0.0000000000000000     
   1.4420000000000002          0.0000000000000000     
   1.4431000000000003          0.0000000000000000     
   1.4441999999999999          0.0000000000000000     
   1.4453000000000000          0.0000000000000000     
   1.4464000000000001          0.0000000000000000     
   1.4475000000000002          0.0000000000000000     
   1.4485999999999999          0.0000000000000000     
   1.4497000000000000          0.0000000000000000     
   1.4508000000000001          0.0000000000000000     
   1.4519000000000002          0.0000000000000000     
   1.4530000000000003          0.0000000000000000     
   1.4540999999999999          0.0000000000000000     
   1.4552000000000000          0.0000000000000000     
   1.4563000000000001          0.0000000000000000     
   1.4574000000000003          0.0000000000000000     
   1.4584999999999999          0.0000000000000000     
   1.4596000000000000          0.0000000000000000     
   1.4607000000000001          0.0000000000000000     
   1.4618000000000002          0.0000000000000000     
   1.4629000000000003          0.0000000000000000     
   1.4640000000000000          0.0000000000000000     
   1.4651000000000001          0.0000000000000000     
   1.4662000000000002          0.0000000000000000     
   1.4673000000000003          0.0000000000000000     
   1.4683999999999999          0.0000000000000000     
   1.4695000000000000          0.0000000000000000     
   1.4706000000000001          0.0000000000000000     
   1.4717000000000002          0.0000000000000000     
   1.4727999999999999          0.0000000000000000     
   1.4739000000000000          0.0000000000000000     
   1.4750000000000001          0.0000000000000000     
   1.4761000000000002          0.0000000000000000     
   1.4772000000000003          0.0000000000000000     
   1.4782999999999999          0.0000000000000000     
   1.4794000000000000          0.0000000000000000     
   1.4805000000000001          0.0000000000000000     
   1.4816000000000003          0.0000000000000000     
   1.4826999999999999          0.0000000000000000     
   1.4838000000000000          0.0000000000000000     
   1.4849000000000001          0.0000000000000000     
   1.4860000000000002          0.0000000000000000     
   1.4871000000000003          0.0000000000000000     
   1.4882000000000000          0.0000000000000000     
   1.4893000000000001          0.0000000000000000     
   1.4904000000000002          0.0000000000000000     
   1.4915000000000003          0.0000000000000000     
   1.4925999999999999          0.0000000000000000     
   1.4937000000000000          0.0000000000000000     
   1.4948000000000001          0.0000000000000000     
   1.4959000000000002          0.0000000000000000     
   1.4969999999999999          0.0000000000000000     
   1.4981000000000000          0.0000000000000000     
   1.4992000000000001          0.0000000000000000     
   1.5003000000000002          0.0000000000000000     
   1.5014000000000003          0.0000000000000000     
   1.5024999999999999          0.0000000000000000     
   1.5036000000000000          0.0000000000000000     
   1.5047000000000001          0.0000000000000000     
   1.5058000000000002          0.0000000000000000     
   1.5068999999999999          0.0000000000000000     
   1.5080000000000000          0.0000000000000000     
   1.5091000000000001          0.0000000000000000     
   1.5102000000000002          0.0000000000000000     
   1.5113000000000003          0.0000000000000000     
   1.5124000000000000          0.0000000000000000     
   1.5135000000000001          0.0000000000000000     
   1.5146000000000002          0.0000000000000000     
   1.5157000000000003          0.0000000000000000     
   1.5167999999999999          0.0000000000000000     
   1.5179000000000000          0.0000000000000000     
   1.5190000000000001          0.0000000000000000     
   1.5201000000000002          0.0000000000000000     
   1.5211999999999999          0.0000000000000000     
   1.5223000000000000          0.0000000000000000     
   1.5234000000000001          0.0000000000000000     
   1.5245000000000002          0.0000000000000000     
   1.5256000000000003          0.0000000000000000     
   1.5266999999999999          0.0000000000000000     
   1.5278000000000000          0.0000000000000000     
   1.5289000000000001          0.0000000000000000     
   1.5300000000000002          0.0000000000000000     
   1.5310999999999999          0.0000000000000000     
   1.5322000000000000          0.0000000000000000     
   1.5333000000000001          0.0000000000000000     
   1.5344000000000002          0.0000000000000000     
   1.5355000000000003          0.0000000000000000     
   1.5366000000000000          0.0000000000000000     
   1.5377000000000001          0.0000000000000000     
   1.5388000000000002          0.0000000000000000     
   1.5399000000000003          0.0000000000000000     
   1.5409999999999999          0.0000000000000000     
   1.5421000000000000          0.0000000000000000     
   1.5432000000000001          0.0000000000000000     
   1.5443000000000002          0.0000000000000000     
   1.5453999999999999          0.0000000000000000     
   1.5465000000000000          0.0000000000000000     
   1.5476000000000001          0.0000000000000000     
   1.5487000000000002          0.0000000000000000     
   1.5498000000000003          0.0000000000000000     
   1.5508999999999999          0.0000000000000000     
   1.5520000000000000          0.0000000000000000     
   1.5531000000000001          0.0000000000000000     
   1.5542000000000002          0.0000000000000000     
   1.5552999999999999          0.0000000000000000     
   1.5564000000000000          0.0000000000000000     
   1.5575000000000001          0.0000000000000000     
   1.5586000000000002          0.0000000000000000     
   1.5597000000000003          0.0000000000000000     
   1.5608000000000000          0.0000000000000000     
   1.5619000000000001          0.0000000000000000     
   1.5630000000000002          0.0000000000000000     
   1.5641000000000003          0.0000000000000000     
   1.5651999999999999          0.0000000000000000     
   1.5663000000000000          0.0000000000000000     
   1.5674000000000001          0.0000000000000000     
   1.5685000000000002          0.0000000000000000     
   1.5695999999999999          0.0000000000000000     
   1.5707000000000000          0.0000000000000000     
   1.5718000000000001          0.0000000000000000     
   1.5729000000000002          0.0000000000000000     
   1.5740000000000003          0.0000000000000000     
   1.5750999999999999          0.0000000000000000     
   1.5762000000000000          0.0000000000000000     
   1.5773000000000001          0.0000000000000000     
   1.5784000000000002          0.0000000000000000     
   1.5794999999999999          0.0000000000000000     
   1.5806000000000000          0.0000000000000000     
   1.5817000000000001          0.0000000000000000     
   1.5828000000000002          0.0000000000000000     
   1.5839000000000003          0.0000000000000000     
   1.5850000000000000          0.0000000000000000     
   1.5861000000000001          0.0000000000000000     
   1.5872000000000002          0.0000000000000000     
   1.5883000000000003          0.0000000000000000     
   1.5893999999999999          0.0000000000000000     
   1.5905000000000000          0.0000000000000000     
   1.5916000000000001          0.0000000000000000     
   1.5927000000000002          0.0000000000000000     
   1.5938000000000003          0.0000000000000000     
   1.5949000000000000          0.0000000000000000     
   1.5960000000000001          0.0000000000000000     
   1.5971000000000002          0.0000000000000000     
   1.5982000000000003          0.0000000000000000     
   1.5992999999999999          0.0000000000000000     
   1.6004000000000000          0.0000000000000000     
   1.6015000000000001          0.0000000000000000     
   1.6026000000000002          0.0000000000000000     
   1.6036999999999999          0.0000000000000000     
   1.6048000000000000          0.0000000000000000     
   1.6059000000000001          0.0000000000000000     
   1.6070000000000002          0.0000000000000000     
   1.6081000000000003          0.0000000000000000     
   1.6092000000000000          0.0000000000000000     
   1.6103000000000001          0.0000000000000000     
   1.6114000000000002          0.0000000000000000     
   1.6125000000000003          0.0000000000000000     
   1.6135999999999999          0.0000000000000000     
   1.6147000000000000          0.0000000000000000     
   1.6158000000000001          0.0000000000000000     
   1.6169000000000002          0.0000000000000000     
   1.6180000000000003          0.0000000000000000     
   1.6191000000000000          0.0000000000000000     
   1.6202000000000001          0.0000000000000000     
   1.6213000000000002          0.0000000000000000     
   1.6224000000000003          0.0000000000000000     
   1.6234999999999999          0.0000000000000000     
   1.6246000000000000          0.0000000000000000     
   1.6257000000000001          0.0000000000000000     
   1.6268000000000002          0.0000000000000000     
   1.6278999999999999          0.0000000000000000     
   1.6290000000000000          0.0000000000000000     
   1.6301000000000001          0.0000000000000000     
   1.6312000000000002          0.0000000000000000     
   1.6323000000000003          0.0000000000000000     
   1.6334000000000000          0.0000000000000000     
   1.6345000000000001          0.0000000000000000     
   1.6356000000000002          0.0000000000000000     
   1.6367000000000003          0.0000000000000000     
   1.6377999999999999          0.0000000000000000     
   1.6389000000000000          0.0000000000000000     
