   8.39368248        0.217391297    
   8.40631390        0.289855063    
   8.41894531        0.362318844    
   8.43157578        0.434782594    
   8.44420624        0.942028999    
   8.45683765        0.652173936    
   8.46946907         1.15942025    
   8.48209953        0.942028999    
   8.49473000         1.15942025    
   8.50736237         2.31884050    
   8.51999283         2.75362325    
   8.53262329         3.91304350    
   8.54525471         6.81159401    
   8.55788612         5.50724649    
   8.57051659         5.72463751    
   8.58314705         6.52173901    
   8.59577847         7.17391300    
   8.60840988         8.84057999    
   8.62104034         12.1014490    
   8.63367176         32.1739120    
