   3.12589502         5.26315784    
   3.24892473         2.92397666    
   3.37195396         2.33918118    
   3.49498367         1.75438595    
   3.61801314         2.33918118    
   3.74104261         1.75438595    
   3.86407232         2.33918118    
   3.98710155         1.16959059    
   4.11013126         2.33918118    
   4.23316097         7.01754379    
   4.35619020         2.92397666    
   4.47921991         8.88888931    
   4.60224915         26.7836266    
   4.72527885         7.01754379    
   4.84830856         5.84795332    
   4.97133827         1.75438595    
   5.09436750         2.33918118    
   5.21739674         2.92397666    
   5.34042645         5.84795332    
   5.46345615         6.43274832    
