   6.05305529         0.00000000    
   6.05916643         0.00000000    
   6.06527758         0.00000000    
   6.07138872         0.00000000    
   6.07749987         0.00000000    
   6.08361101         0.00000000    
   6.08972216         0.00000000    
   6.09583330         0.00000000    
   6.10194445         0.00000000    
   6.10805559         0.00000000    
   6.11416626         100.000000    
   6.12027740         0.00000000    
   6.12638855         0.00000000    
   6.13249969         0.00000000    
   6.13861084         0.00000000    
   6.14472198         0.00000000    
   6.15083313         0.00000000    
   6.15694427         0.00000000    
   6.16305542         0.00000000    
   6.16916656         0.00000000    
